  1 -.11400E+02  .99991E+00  .99999E+00  .99999E+00  .10000E+01  .10000E+01  .10000E+01  .10000E+01
  2 -.11311E+02  .99991E+00  .99999E+00  .99999E+00  .99999E+00  .10000E+01  .10000E+01  .10000E+01
  3 -.11221E+02  .99983E+00  .99998E+00  .99999E+00  .99999E+00  .10000E+01  .10000E+01  .10000E+01
  4 -.11132E+02  .10000E+01  .99998E+00  .99999E+00  .99999E+00  .10000E+01  .10000E+01  .10000E+01
  5 -.11042E+02  .99986E+00  .99998E+00  .99999E+00  .99999E+00  .10000E+01  .10000E+01  .10000E+01
  6 -.10953E+02  .99984E+00  .99998E+00  .99999E+00  .99999E+00  .10000E+01  .10000E+01  .10000E+01
  7 -.10864E+02  .99984E+00  .99998E+00  .99999E+00  .99999E+00  .10000E+01  .10000E+01  .10000E+01
  8 -.10774E+02  .99986E+00  .99998E+00  .99999E+00  .99999E+00  .10000E+01  .10000E+01  .10000E+01
  9 -.10685E+02  .99983E+00  .99998E+00  .99999E+00  .99999E+00  .10000E+01  .10000E+01  .10000E+01
 10 -.10595E+02  .99979E+00  .99998E+00  .99999E+00  .99999E+00  .10000E+01  .10000E+01  .10000E+01
 11 -.10506E+02  .99990E+00  .99998E+00  .99999E+00  .99999E+00  .10000E+01  .10000E+01  .10000E+01
 12 -.10416E+02  .99973E+00  .99998E+00  .99999E+00  .99999E+00  .10000E+01  .10000E+01  .10000E+01
 13 -.10327E+02  .99995E+00  .99997E+00  .99999E+00  .99999E+00  .10000E+01  .10000E+01  .10000E+01
 14 -.10238E+02  .99994E+00  .99997E+00  .99999E+00  .99999E+00  .10000E+01  .10000E+01  .10000E+01
 15 -.10148E+02  .99979E+00  .99997E+00  .99999E+00  .99999E+00  .10000E+01  .10000E+01  .10000E+01
 16 -.10059E+02  .10000E+01  .99997E+00  .99998E+00  .99999E+00  .10000E+01  .10000E+01  .10000E+01
 17 -.99694E+01  .99995E+00  .99997E+00  .99998E+00  .99999E+00  .10000E+01  .10000E+01  .10000E+01
 18 -.98800E+01  .99975E+00  .99997E+00  .99998E+00  .99999E+00  .10000E+01  .10000E+01  .10000E+01
 19 -.97906E+01  .99999E+00  .99996E+00  .99998E+00  .99999E+00  .10000E+01  .10000E+01  .10000E+01
 20 -.97012E+01  .99996E+00  .99996E+00  .99998E+00  .99999E+00  .10000E+01  .10000E+01  .10000E+01
 21 -.96118E+01  .99993E+00  .99996E+00  .99998E+00  .99999E+00  .10000E+01  .10000E+01  .10000E+01
 22 -.95224E+01  .99991E+00  .99995E+00  .99997E+00  .99999E+00  .10000E+01  .10000E+01  .10000E+01
 23 -.94329E+01  .99991E+00  .99995E+00  .99997E+00  .99999E+00  .10000E+01  .10000E+01  .10000E+01
 24 -.93435E+01  .99993E+00  .99994E+00  .99997E+00  .99998E+00  .10000E+01  .10000E+01  .10000E+01
 25 -.92541E+01  .99981E+00  .99994E+00  .99996E+00  .99998E+00  .10000E+01  .10000E+01  .10000E+01
 26 -.91647E+01  .99987E+00  .99993E+00  .99996E+00  .99998E+00  .99999E+00  .10000E+01  .10000E+01
 27 -.90753E+01  .99986E+00  .99992E+00  .99995E+00  .99998E+00  .99999E+00  .10000E+01  .10000E+01
 28 -.89859E+01  .99981E+00  .99991E+00  .99994E+00  .99998E+00  .99999E+00  .10000E+01  .10000E+01
 29 -.88965E+01  .99974E+00  .99990E+00  .99993E+00  .99998E+00  .99999E+00  .10000E+01  .10000E+01
 30 -.88071E+01  .99989E+00  .99988E+00  .99991E+00  .99998E+00  .99999E+00  .10000E+01  .10000E+01
 31 -.87176E+01  .99985E+00  .99986E+00  .99989E+00  .99997E+00  .99999E+00  .10000E+01  .10000E+01
 32 -.86282E+01  .99969E+00  .99983E+00  .99987E+00  .99997E+00  .99999E+00  .10000E+01  .10000E+01
 33 -.85388E+01  .99966E+00  .99979E+00  .99983E+00  .99997E+00  .99999E+00  .10000E+01  .10000E+01
 34 -.84494E+01  .99971E+00  .99972E+00  .99977E+00  .99997E+00  .99999E+00  .10000E+01  .10000E+01
 35 -.83600E+01  .99967E+00  .99963E+00  .99968E+00  .99996E+00  .99999E+00  .10000E+01  .10000E+01
 36 -.82706E+01  .99955E+00  .99948E+00  .99953E+00  .99996E+00  .99999E+00  .10000E+01  .10000E+01
 37 -.81812E+01  .99940E+00  .99924E+00  .99930E+00  .99995E+00  .99999E+00  .10000E+01  .10000E+01
 38 -.80918E+01  .99904E+00  .99892E+00  .99899E+00  .99995E+00  .99999E+00  .99999E+00  .10000E+01
 39 -.80024E+01  .99844E+00  .99862E+00  .99870E+00  .99994E+00  .99999E+00  .99999E+00  .10000E+01
 40 -.79129E+01  .99825E+00  .99847E+00  .99856E+00  .99993E+00  .99999E+00  .99999E+00  .10000E+01
 41 -.78235E+01  .99845E+00  .99857E+00  .99867E+00  .99992E+00  .99999E+00  .99999E+00  .10000E+01
 42 -.77341E+01  .99897E+00  .99883E+00  .99895E+00  .99990E+00  .99999E+00  .99999E+00  .10000E+01
 43 -.76447E+01  .99911E+00  .99912E+00  .99926E+00  .99989E+00  .99998E+00  .99999E+00  .10000E+01
 44 -.75553E+01  .99942E+00  .99933E+00  .99949E+00  .99986E+00  .99998E+00  .99999E+00  .10000E+01
 45 -.74659E+01  .99940E+00  .99945E+00  .99965E+00  .99983E+00  .99998E+00  .99999E+00  .10000E+01
 46 -.73765E+01  .99949E+00  .99950E+00  .99974E+00  .99979E+00  .99998E+00  .99999E+00  .10000E+01
 47 -.72871E+01  .99946E+00  .99949E+00  .99979E+00  .99974E+00  .99998E+00  .99999E+00  .99999E+00
 48 -.71976E+01  .99947E+00  .99946E+00  .99981E+00  .99968E+00  .99997E+00  .99999E+00  .99999E+00
 49 -.71082E+01  .99929E+00  .99940E+00  .99984E+00  .99961E+00  .99997E+00  .99999E+00  .99999E+00
 50 -.70188E+01  .99917E+00  .99935E+00  .99987E+00  .99954E+00  .99997E+00  .99999E+00  .99999E+00
 51 -.69294E+01  .99914E+00  .99932E+00  .99989E+00  .99948E+00  .99996E+00  .99999E+00  .99999E+00
 52 -.68400E+01  .99919E+00  .99933E+00  .99991E+00  .99948E+00  .99995E+00  .99999E+00  .99999E+00
 53 -.67506E+01  .99936E+00  .99938E+00  .99993E+00  .99952E+00  .99995E+00  .99999E+00  .99999E+00
 54 -.66612E+01  .99934E+00  .99944E+00  .99994E+00  .99959E+00  .99994E+00  .99999E+00  .99999E+00
 55 -.65718E+01  .99950E+00  .99951E+00  .99995E+00  .99966E+00  .99992E+00  .99999E+00  .99999E+00
 56 -.64824E+01  .99956E+00  .99956E+00  .99995E+00  .99972E+00  .99991E+00  .99999E+00  .99999E+00
 57 -.63929E+01  .99966E+00  .99959E+00  .99996E+00  .99978E+00  .99988E+00  .99999E+00  .99999E+00
 58 -.63035E+01  .99963E+00  .99961E+00  .99996E+00  .99982E+00  .99986E+00  .99998E+00  .99999E+00
 59 -.62141E+01  .99956E+00  .99960E+00  .99996E+00  .99985E+00  .99982E+00  .99998E+00  .99999E+00
 60 -.61247E+01  .99961E+00  .99959E+00  .99996E+00  .99987E+00  .99978E+00  .99998E+00  .99999E+00
 61 -.60353E+01  .99947E+00  .99957E+00  .99996E+00  .99989E+00  .99974E+00  .99998E+00  .99999E+00
 62 -.59459E+01  .99953E+00  .99955E+00  .99996E+00  .99991E+00  .99972E+00  .99998E+00  .99999E+00
 63 -.58565E+01  .99951E+00  .99956E+00  .99996E+00  .99992E+00  .99972E+00  .99998E+00  .99999E+00
 64 -.57671E+01  .99967E+00  .99959E+00  .99996E+00  .99993E+00  .99974E+00  .99997E+00  .99999E+00
 65 -.56776E+01  .99966E+00  .99963E+00  .99996E+00  .99993E+00  .99978E+00  .99997E+00  .99999E+00
 66 -.55882E+01  .99958E+00  .99967E+00  .99996E+00  .99994E+00  .99982E+00  .99997E+00  .99998E+00
 67 -.54988E+01  .99970E+00  .99970E+00  .99996E+00  .99994E+00  .99985E+00  .99997E+00  .99998E+00
 68 -.54094E+01  .99956E+00  .99972E+00  .99995E+00  .99994E+00  .99988E+00  .99996E+00  .99998E+00
 69 -.53200E+01  .99951E+00  .99973E+00  .99995E+00  .99995E+00  .99990E+00  .99996E+00  .99998E+00
 70 -.52306E+01  .99971E+00  .99974E+00  .99994E+00  .99995E+00  .99992E+00  .99995E+00  .99998E+00
 71 -.51412E+01  .99973E+00  .99973E+00  .99993E+00  .99995E+00  .99993E+00  .99994E+00  .99998E+00
 72 -.50518E+01  .99959E+00  .99971E+00  .99992E+00  .99994E+00  .99994E+00  .99993E+00  .99998E+00
 73 -.49624E+01  .99965E+00  .99969E+00  .99990E+00  .99994E+00  .99995E+00  .99992E+00  .99998E+00
 74 -.48729E+01  .99967E+00  .99964E+00  .99987E+00  .99994E+00  .99995E+00  .99990E+00  .99998E+00
 75 -.47835E+01  .99965E+00  .99958E+00  .99983E+00  .99994E+00  .99995E+00  .99988E+00  .99998E+00
 76 -.46941E+01  .99956E+00  .99949E+00  .99976E+00  .99993E+00  .99996E+00  .99986E+00  .99998E+00
 77 -.46047E+01  .99938E+00  .99935E+00  .99966E+00  .99992E+00  .99996E+00  .99983E+00  .99998E+00
 78 -.45153E+01  .99926E+00  .99913E+00  .99948E+00  .99991E+00  .99996E+00  .99980E+00  .99998E+00
 79 -.44259E+01  .99874E+00  .99882E+00  .99923E+00  .99990E+00  .99996E+00  .99976E+00  .99998E+00
 80 -.43365E+01  .99831E+00  .99854E+00  .99899E+00  .99988E+00  .99996E+00  .99974E+00  .99997E+00
 81 -.42471E+01  .99843E+00  .99848E+00  .99897E+00  .99986E+00  .99996E+00  .99973E+00  .99997E+00
 82 -.41576E+01  .99870E+00  .99867E+00  .99918E+00  .99983E+00  .99995E+00  .99974E+00  .99997E+00
 83 -.40682E+01  .99906E+00  .99890E+00  .99943E+00  .99979E+00  .99995E+00  .99976E+00  .99997E+00
 84 -.39788E+01  .99916E+00  .99906E+00  .99962E+00  .99974E+00  .99994E+00  .99979E+00  .99997E+00
 85 -.38894E+01  .99918E+00  .99914E+00  .99972E+00  .99969E+00  .99993E+00  .99982E+00  .99997E+00
 86 -.38000E+01  .99913E+00  .99919E+00  .99979E+00  .99965E+00  .99992E+00  .99985E+00  .99997E+00
 87 -.37106E+01  .99905E+00  .99923E+00  .99985E+00  .99964E+00  .99991E+00  .99987E+00  .99997E+00
 88 -.36212E+01  .99918E+00  .99928E+00  .99988E+00  .99966E+00  .99989E+00  .99989E+00  .99996E+00
 89 -.35318E+01  .99914E+00  .99934E+00  .99991E+00  .99971E+00  .99986E+00  .99990E+00  .99996E+00
 90 -.34424E+01  .99931E+00  .99939E+00  .99993E+00  .99976E+00  .99983E+00  .99991E+00  .99996E+00
 91 -.33529E+01  .99932E+00  .99943E+00  .99994E+00  .99980E+00  .99981E+00  .99992E+00  .99996E+00
 92 -.32635E+01  .99938E+00  .99947E+00  .99995E+00  .99984E+00  .99980E+00  .99992E+00  .99996E+00
 93 -.31741E+01  .99954E+00  .99951E+00  .99996E+00  .99987E+00  .99981E+00  .99992E+00  .99995E+00
 94 -.30847E+01  .99953E+00  .99956E+00  .99996E+00  .99989E+00  .99984E+00  .99992E+00  .99995E+00
 95 -.29953E+01  .99941E+00  .99960E+00  .99997E+00  .99991E+00  .99986E+00  .99991E+00  .99995E+00
 96 -.29059E+01  .99949E+00  .99963E+00  .99997E+00  .99992E+00  .99989E+00  .99991E+00  .99995E+00
 97 -.28165E+01  .99951E+00  .99965E+00  .99997E+00  .99993E+00  .99991E+00  .99989E+00  .99994E+00
 98 -.27271E+01  .99967E+00  .99965E+00  .99997E+00  .99994E+00  .99992E+00  .99988E+00  .99994E+00
 99 -.26376E+01  .99957E+00  .99965E+00  .99997E+00  .99994E+00  .99994E+00  .99986E+00  .99993E+00
100 -.25482E+01  .99958E+00  .99964E+00  .99998E+00  .99995E+00  .99995E+00  .99984E+00  .99993E+00
101 -.24588E+01  .99954E+00  .99963E+00  .99997E+00  .99995E+00  .99995E+00  .99982E+00  .99993E+00
102 -.23694E+01  .99961E+00  .99962E+00  .99997E+00  .99995E+00  .99996E+00  .99981E+00  .99992E+00
103 -.22800E+01  .99959E+00  .99961E+00  .99997E+00  .99996E+00  .99996E+00  .99980E+00  .99991E+00
104 -.21906E+01  .99962E+00  .99962E+00  .99997E+00  .99996E+00  .99997E+00  .99981E+00  .99991E+00
105 -.21012E+01  .99950E+00  .99963E+00  .99997E+00  .99996E+00  .99997E+00  .99983E+00  .99990E+00
106 -.20118E+01  .99955E+00  .99964E+00  .99997E+00  .99996E+00  .99997E+00  .99985E+00  .99989E+00
107 -.19224E+01  .99963E+00  .99965E+00  .99997E+00  .99996E+00  .99997E+00  .99988E+00  .99988E+00
108 -.18329E+01  .99963E+00  .99966E+00  .99996E+00  .99996E+00  .99997E+00  .99989E+00  .99987E+00
109 -.17435E+01  .99962E+00  .99965E+00  .99996E+00  .99995E+00  .99997E+00  .99991E+00  .99986E+00
110 -.16541E+01  .99964E+00  .99963E+00  .99995E+00  .99995E+00  .99997E+00  .99992E+00  .99984E+00
111 -.15647E+01  .99959E+00  .99961E+00  .99994E+00  .99995E+00  .99997E+00  .99993E+00  .99982E+00
112 -.14753E+01  .99961E+00  .99957E+00  .99993E+00  .99994E+00  .99997E+00  .99993E+00  .99980E+00
113 -.13859E+01  .99958E+00  .99952E+00  .99991E+00  .99993E+00  .99996E+00  .99993E+00  .99978E+00
114 -.12965E+01  .99950E+00  .99944E+00  .99988E+00  .99992E+00  .99996E+00  .99994E+00  .99975E+00
115 -.12071E+01  .99954E+00  .99933E+00  .99982E+00  .99990E+00  .99995E+00  .99993E+00  .99972E+00
116 -.11176E+01  .99929E+00  .99916E+00  .99973E+00  .99988E+00  .99994E+00  .99993E+00  .99967E+00
117 -.10282E+01  .99903E+00  .99893E+00  .99959E+00  .99986E+00  .99993E+00  .99993E+00  .99962E+00
118 -.93882E+00  .99853E+00  .99866E+00  .99943E+00  .99983E+00  .99992E+00  .99992E+00  .99955E+00
119 -.84941E+00  .99838E+00  .99852E+00  .99942E+00  .99981E+00  .99991E+00  .99991E+00  .99946E+00
120 -.76000E+00  .99831E+00  .99853E+00  .99957E+00  .99981E+00  .99990E+00  .99990E+00  .99935E+00
121 -.67059E+00  .99842E+00  .99852E+00  .99972E+00  .99982E+00  .99989E+00  .99989E+00  .99920E+00
122 -.58118E+00  .99836E+00  .99843E+00  .99981E+00  .99984E+00  .99990E+00  .99989E+00  .99899E+00
123 -.49176E+00  .99825E+00  .99826E+00  .99987E+00  .99987E+00  .99991E+00  .99988E+00  .99873E+00
124 -.40235E+00  .99808E+00  .99801E+00  .99990E+00  .99989E+00  .99992E+00  .99989E+00  .99840E+00
125 -.31294E+00  .99783E+00  .99770E+00  .99993E+00  .99991E+00  .99994E+00  .99990E+00  .99803E+00
126 -.22353E+00  .99751E+00  .99744E+00  .99994E+00  .99992E+00  .99995E+00  .99991E+00  .99772E+00
127 -.13412E+00  .99731E+00  .99735E+00  .99995E+00  .99993E+00  .99995E+00  .99992E+00  .99759E+00
128 -.44706E-01  .99726E+00  .99746E+00  .99996E+00  .99994E+00  .99996E+00  .99992E+00  .99768E+00
129  .44706E-01  .99759E+00  .99767E+00  .99996E+00  .99994E+00  .99996E+00  .99993E+00  .99788E+00
130  .13412E+00  .99799E+00  .99785E+00  .99997E+00  .99995E+00  .99996E+00  .99993E+00  .99804E+00
131  .22353E+00  .99814E+00  .99792E+00  .99997E+00  .99995E+00  .99997E+00  .99993E+00  .99811E+00
132  .31294E+00  .99781E+00  .99786E+00  .99997E+00  .99995E+00  .99997E+00  .99992E+00  .99805E+00
133  .40235E+00  .99771E+00  .99768E+00  .99997E+00  .99995E+00  .99997E+00  .99992E+00  .99788E+00
134  .49176E+00  .99748E+00  .99748E+00  .99997E+00  .99995E+00  .99996E+00  .99991E+00  .99769E+00
135  .58118E+00  .99724E+00  .99737E+00  .99997E+00  .99994E+00  .99996E+00  .99990E+00  .99759E+00
136  .67059E+00  .99743E+00  .99747E+00  .99997E+00  .99994E+00  .99996E+00  .99989E+00  .99771E+00
137  .76000E+00  .99786E+00  .99775E+00  .99996E+00  .99993E+00  .99995E+00  .99988E+00  .99802E+00
138  .84941E+00  .99809E+00  .99810E+00  .99996E+00  .99992E+00  .99994E+00  .99988E+00  .99839E+00
139  .93882E+00  .99860E+00  .99840E+00  .99995E+00  .99991E+00  .99993E+00  .99989E+00  .99872E+00
140  .10282E+01  .99862E+00  .99863E+00  .99993E+00  .99990E+00  .99992E+00  .99990E+00  .99899E+00
141  .11176E+01  .99879E+00  .99880E+00  .99992E+00  .99988E+00  .99990E+00  .99991E+00  .99919E+00
142  .12071E+01  .99874E+00  .99890E+00  .99989E+00  .99985E+00  .99990E+00  .99992E+00  .99934E+00
143  .12965E+01  .99890E+00  .99895E+00  .99984E+00  .99983E+00  .99990E+00  .99993E+00  .99946E+00
144  .13859E+01  .99883E+00  .99896E+00  .99977E+00  .99981E+00  .99990E+00  .99993E+00  .99955E+00
145  .14753E+01  .99881E+00  .99893E+00  .99965E+00  .99981E+00  .99992E+00  .99993E+00  .99962E+00
146  .15647E+01  .99872E+00  .99885E+00  .99949E+00  .99983E+00  .99993E+00  .99993E+00  .99967E+00
147  .16541E+01  .99866E+00  .99884E+00  .99940E+00  .99985E+00  .99994E+00  .99993E+00  .99971E+00
148  .17435E+01  .99900E+00  .99901E+00  .99950E+00  .99987E+00  .99995E+00  .99993E+00  .99975E+00
149  .18329E+01  .99936E+00  .99922E+00  .99967E+00  .99990E+00  .99996E+00  .99993E+00  .99978E+00
150  .19224E+01  .99960E+00  .99938E+00  .99978E+00  .99991E+00  .99996E+00  .99992E+00  .99980E+00
151  .20118E+01  .99942E+00  .99947E+00  .99985E+00  .99993E+00  .99996E+00  .99991E+00  .99982E+00
152  .21012E+01  .99960E+00  .99953E+00  .99989E+00  .99994E+00  .99997E+00  .99989E+00  .99984E+00
153  .21906E+01  .99973E+00  .99957E+00  .99992E+00  .99994E+00  .99997E+00  .99988E+00  .99986E+00
154  .22800E+01  .99968E+00  .99958E+00  .99994E+00  .99995E+00  .99997E+00  .99986E+00  .99987E+00
155  .23694E+01  .99962E+00  .99959E+00  .99995E+00  .99995E+00  .99997E+00  .99983E+00  .99988E+00
156  .24588E+01  .99958E+00  .99959E+00  .99996E+00  .99995E+00  .99997E+00  .99981E+00  .99989E+00
157  .25482E+01  .99963E+00  .99959E+00  .99996E+00  .99996E+00  .99997E+00  .99980E+00  .99990E+00
158  .26376E+01  .99958E+00  .99960E+00  .99997E+00  .99996E+00  .99997E+00  .99980E+00  .99991E+00
159  .27271E+01  .99971E+00  .99962E+00  .99997E+00  .99996E+00  .99997E+00  .99981E+00  .99991E+00
160  .28165E+01  .99972E+00  .99964E+00  .99997E+00  .99996E+00  .99996E+00  .99983E+00  .99992E+00
161  .29059E+01  .99968E+00  .99966E+00  .99997E+00  .99996E+00  .99996E+00  .99985E+00  .99993E+00
162  .29953E+01  .99962E+00  .99968E+00  .99997E+00  .99995E+00  .99996E+00  .99986E+00  .99993E+00
163  .30847E+01  .99966E+00  .99969E+00  .99998E+00  .99995E+00  .99995E+00  .99988E+00  .99993E+00
164  .31741E+01  .99961E+00  .99969E+00  .99998E+00  .99995E+00  .99994E+00  .99989E+00  .99994E+00
165  .32635E+01  .99964E+00  .99968E+00  .99998E+00  .99994E+00  .99993E+00  .99989E+00  .99994E+00
166  .33529E+01  .99974E+00  .99967E+00  .99998E+00  .99994E+00  .99992E+00  .99989E+00  .99995E+00
167  .34424E+01  .99963E+00  .99964E+00  .99997E+00  .99993E+00  .99990E+00  .99989E+00  .99995E+00
168  .35318E+01  .99973E+00  .99960E+00  .99997E+00  .99992E+00  .99987E+00  .99988E+00  .99995E+00
169  .36212E+01  .99964E+00  .99955E+00  .99997E+00  .99991E+00  .99985E+00  .99987E+00  .99995E+00
170  .37106E+01  .99955E+00  .99949E+00  .99997E+00  .99989E+00  .99982E+00  .99985E+00  .99996E+00
171  .38000E+01  .99931E+00  .99943E+00  .99996E+00  .99987E+00  .99981E+00  .99983E+00  .99996E+00
172  .38894E+01  .99938E+00  .99937E+00  .99996E+00  .99985E+00  .99981E+00  .99980E+00  .99996E+00
173  .39788E+01  .99928E+00  .99932E+00  .99995E+00  .99981E+00  .99982E+00  .99977E+00  .99996E+00
174  .40682E+01  .99944E+00  .99927E+00  .99994E+00  .99977E+00  .99985E+00  .99974E+00  .99996E+00
175  .41576E+01  .99933E+00  .99922E+00  .99993E+00  .99972E+00  .99987E+00  .99972E+00  .99997E+00
176  .42471E+01  .99919E+00  .99918E+00  .99992E+00  .99967E+00  .99990E+00  .99973E+00  .99997E+00
177  .43365E+01  .99922E+00  .99917E+00  .99989E+00  .99964E+00  .99991E+00  .99975E+00  .99997E+00
178  .44259E+01  .99918E+00  .99918E+00  .99986E+00  .99964E+00  .99993E+00  .99978E+00  .99997E+00
179  .45153E+01  .99919E+00  .99921E+00  .99982E+00  .99967E+00  .99994E+00  .99981E+00  .99997E+00
180  .46047E+01  .99916E+00  .99924E+00  .99976E+00  .99972E+00  .99994E+00  .99984E+00  .99997E+00
181  .46941E+01  .99935E+00  .99923E+00  .99967E+00  .99977E+00  .99995E+00  .99987E+00  .99997E+00
182  .47835E+01  .99939E+00  .99916E+00  .99953E+00  .99981E+00  .99995E+00  .99989E+00  .99997E+00
183  .48729E+01  .99921E+00  .99899E+00  .99931E+00  .99984E+00  .99996E+00  .99991E+00  .99998E+00
184  .49624E+01  .99873E+00  .99878E+00  .99905E+00  .99987E+00  .99996E+00  .99992E+00  .99998E+00
185  .50518E+01  .99846E+00  .99870E+00  .99894E+00  .99989E+00  .99996E+00  .99994E+00  .99998E+00
186  .51412E+01  .99876E+00  .99887E+00  .99909E+00  .99990E+00  .99996E+00  .99994E+00  .99998E+00
187  .52306E+01  .99933E+00  .99916E+00  .99936E+00  .99991E+00  .99995E+00  .99995E+00  .99998E+00
188  .53200E+01  .99947E+00  .99938E+00  .99958E+00  .99992E+00  .99995E+00  .99996E+00  .99998E+00
189  .54094E+01  .99961E+00  .99953E+00  .99971E+00  .99993E+00  .99995E+00  .99996E+00  .99998E+00
190  .54988E+01  .99970E+00  .99961E+00  .99980E+00  .99993E+00  .99994E+00  .99997E+00  .99998E+00
191  .55882E+01  .99975E+00  .99966E+00  .99985E+00  .99993E+00  .99993E+00  .99997E+00  .99998E+00
192  .56776E+01  .99983E+00  .99969E+00  .99988E+00  .99993E+00  .99992E+00  .99997E+00  .99998E+00
193  .57671E+01  .99982E+00  .99970E+00  .99990E+00  .99993E+00  .99991E+00  .99998E+00  .99998E+00
194  .58565E+01  .99988E+00  .99969E+00  .99992E+00  .99993E+00  .99989E+00  .99998E+00  .99998E+00
195  .59459E+01  .99974E+00  .99968E+00  .99993E+00  .99992E+00  .99986E+00  .99998E+00  .99998E+00
196  .60353E+01  .99969E+00  .99965E+00  .99994E+00  .99992E+00  .99983E+00  .99998E+00  .99998E+00
197  .61247E+01  .99969E+00  .99961E+00  .99994E+00  .99991E+00  .99979E+00  .99998E+00  .99999E+00
198  .62141E+01  .99964E+00  .99957E+00  .99995E+00  .99990E+00  .99975E+00  .99998E+00  .99999E+00
199  .63035E+01  .99961E+00  .99953E+00  .99995E+00  .99989E+00  .99972E+00  .99998E+00  .99999E+00
200  .63929E+01  .99955E+00  .99951E+00  .99995E+00  .99987E+00  .99972E+00  .99999E+00  .99999E+00
201  .64824E+01  .99952E+00  .99951E+00  .99995E+00  .99984E+00  .99974E+00  .99999E+00  .99999E+00
202  .65718E+01  .99948E+00  .99951E+00  .99995E+00  .99981E+00  .99977E+00  .99999E+00  .99999E+00
203  .66612E+01  .99963E+00  .99951E+00  .99995E+00  .99977E+00  .99981E+00  .99999E+00  .99999E+00
204  .67506E+01  .99964E+00  .99949E+00  .99995E+00  .99972E+00  .99985E+00  .99999E+00  .99999E+00
205  .68400E+01  .99956E+00  .99945E+00  .99994E+00  .99965E+00  .99988E+00  .99999E+00  .99999E+00
206  .69294E+01  .99957E+00  .99939E+00  .99994E+00  .99958E+00  .99990E+00  .99999E+00  .99999E+00
207  .70188E+01  .99950E+00  .99934E+00  .99993E+00  .99951E+00  .99992E+00  .99999E+00  .99999E+00
208  .71082E+01  .99938E+00  .99931E+00  .99992E+00  .99947E+00  .99993E+00  .99999E+00  .99999E+00
209  .71976E+01  .99924E+00  .99931E+00  .99990E+00  .99948E+00  .99994E+00  .99999E+00  .99999E+00
210  .72871E+01  .99935E+00  .99935E+00  .99987E+00  .99954E+00  .99995E+00  .99999E+00  .99999E+00
211  .73765E+01  .99949E+00  .99940E+00  .99984E+00  .99961E+00  .99996E+00  .99999E+00  .99999E+00
212  .74659E+01  .99958E+00  .99946E+00  .99982E+00  .99969E+00  .99996E+00  .99999E+00  .99999E+00
213  .75553E+01  .99970E+00  .99950E+00  .99980E+00  .99975E+00  .99997E+00  .99999E+00  .99999E+00
214  .76447E+01  .99969E+00  .99951E+00  .99976E+00  .99980E+00  .99997E+00  .99999E+00  .99999E+00
215  .77341E+01  .99966E+00  .99949E+00  .99968E+00  .99983E+00  .99998E+00  .99999E+00  .10000E+01
216  .78235E+01  .99949E+00  .99939E+00  .99956E+00  .99986E+00  .99998E+00  .99999E+00  .10000E+01
217  .79129E+01  .99926E+00  .99921E+00  .99935E+00  .99989E+00  .99998E+00  .99999E+00  .10000E+01
218  .80024E+01  .99915E+00  .99894E+00  .99906E+00  .99990E+00  .99998E+00  .99999E+00  .10000E+01
219  .80918E+01  .99871E+00  .99865E+00  .99875E+00  .99992E+00  .99998E+00  .99999E+00  .10000E+01
220  .81812E+01  .99839E+00  .99848E+00  .99857E+00  .99993E+00  .99999E+00  .10000E+01  .10000E+01
221  .82706E+01  .99818E+00  .99854E+00  .99862E+00  .99994E+00  .99999E+00  .10000E+01  .10000E+01
222  .83600E+01  .99892E+00  .99881E+00  .99888E+00  .99995E+00  .99999E+00  .10000E+01  .10000E+01
223  .84494E+01  .99934E+00  .99914E+00  .99920E+00  .99995E+00  .99999E+00  .10000E+01  .10000E+01
224  .85388E+01  .99970E+00  .99940E+00  .99946E+00  .99996E+00  .99999E+00  .10000E+01  .10000E+01
225  .86282E+01  .99973E+00  .99958E+00  .99963E+00  .99996E+00  .99999E+00  .10000E+01  .10000E+01
226  .87176E+01  .99983E+00  .99969E+00  .99974E+00  .99997E+00  .99999E+00  .10000E+01  .10000E+01
227  .88071E+01  .99992E+00  .99976E+00  .99981E+00  .99997E+00  .99999E+00  .10000E+01  .10000E+01
228  .88965E+01  .99990E+00  .99981E+00  .99985E+00  .99997E+00  .99999E+00  .10000E+01  .10000E+01
229  .89859E+01  .99991E+00  .99985E+00  .99988E+00  .99997E+00  .99999E+00  .10000E+01  .10000E+01
230  .90753E+01  .99991E+00  .99987E+00  .99991E+00  .99998E+00  .99999E+00  .10000E+01  .10000E+01
231  .91647E+01  .99983E+00  .99989E+00  .99992E+00  .99998E+00  .99999E+00  .10000E+01  .10000E+01
232  .92541E+01  .99994E+00  .99991E+00  .99994E+00  .99998E+00  .99999E+00  .10000E+01  .10000E+01
233  .93435E+01  .99995E+00  .99992E+00  .99995E+00  .99998E+00  .99999E+00  .10000E+01  .10000E+01
234  .94329E+01  .99983E+00  .99993E+00  .99995E+00  .99998E+00  .99999E+00  .10000E+01  .10000E+01
235  .95224E+01  .99998E+00  .99993E+00  .99996E+00  .99998E+00  .99999E+00  .10000E+01  .10000E+01
236  .96118E+01  .10002E+01  .99994E+00  .99996E+00  .99998E+00  .99999E+00  .10000E+01  .10000E+01
237  .97012E+01  .10000E+01  .99995E+00  .99997E+00  .99999E+00  .10000E+01  .10000E+01  .10000E+01
238  .97906E+01  .10001E+01  .99995E+00  .99997E+00  .99999E+00  .10000E+01  .10000E+01  .10000E+01
239  .98800E+01  .10000E+01  .99996E+00  .99997E+00  .99999E+00  .10000E+01  .10000E+01  .10000E+01
240  .99694E+01  .10000E+01  .99996E+00  .99998E+00  .99999E+00  .10000E+01  .10000E+01  .10000E+01
241  .10059E+02  .10001E+01  .99996E+00  .99998E+00  .99999E+00  .10000E+01  .10000E+01  .10000E+01
242  .10148E+02  .99997E+00  .99996E+00  .99998E+00  .99999E+00  .10000E+01  .10000E+01  .10000E+01
243  .10238E+02  .10000E+01  .99997E+00  .99998E+00  .99999E+00  .10000E+01  .10000E+01  .10000E+01
244  .10327E+02  .99985E+00  .99997E+00  .99998E+00  .99999E+00  .10000E+01  .10000E+01  .10000E+01
245  .10416E+02  .99988E+00  .99997E+00  .99999E+00  .99999E+00  .10000E+01  .10000E+01  .10000E+01
246  .10506E+02  .99989E+00  .99997E+00  .99999E+00  .99999E+00  .10000E+01  .10000E+01  .10000E+01
247  .10595E+02  .99998E+00  .99997E+00  .99999E+00  .99999E+00  .10000E+01  .10000E+01  .10000E+01
248  .10685E+02  .10000E+01  .99998E+00  .99999E+00  .99999E+00  .10000E+01  .10000E+01  .10000E+01
249  .10774E+02  .99993E+00  .99998E+00  .99999E+00  .99999E+00  .10000E+01  .10000E+01  .10000E+01
250  .10864E+02  .10000E+01  .99998E+00  .99999E+00  .99999E+00  .10000E+01  .10000E+01  .10000E+01
251  .10953E+02  .10000E+01  .99998E+00  .99999E+00  .99999E+00  .10000E+01  .10000E+01  .10000E+01
252  .11042E+02  .10000E+01  .99998E+00  .99999E+00  .99999E+00  .10000E+01  .10000E+01  .10000E+01
253  .11132E+02  .10000E+01  .99998E+00  .99999E+00  .99999E+00  .10000E+01  .10000E+01  .10000E+01
254  .11221E+02  .10000E+01  .99998E+00  .99999E+00  .99999E+00  .10000E+01  .10000E+01  .10000E+01
255  .11311E+02  .10001E+01  .99998E+00  .99999E+00  .99999E+00  .10000E+01  .10000E+01  .10000E+01
256  .11400E+02  .10000E+01  .99998E+00  .99999E+00  .99999E+00  .10000E+01  .10000E+01  .10000E+01